Detailed Results:

Here are the detailed results of our proposed methodology SSL+EfficientDet+

HOTA:                              HOTA      DetA      AssA      DetRe     DetPr     AssRe     AssPr     LocA      OWTA      HOTA(0)   LocA(0)   HOTALocA(0)
MOT16-02                           62.407    62.444    63.232    68.686    73.565    66.27     82.085    79.781    65.792    82.776    74.333    61.53
MOT16-04                           62.928    63.79     62.567    73.402    71.293    66.213    79.248    80.794    67.687    81.851    76.566    62.67
MOT16-05                           62.629    65.72     60.576    77.189    69.896    63.352    81.236    80.367    68.192    80.796    76.167    61.54
MOT16-07                           78.443    74.437    83.359    85.543    76.548    85.609    88.5      85.388    84.297    91.787    83.755    76.876
COMBINED                           67.859    67.129    69.671    77.229    73        72.356    84.437    81.862    73.141    84.949    78.108    66.352

CLEAR:                             MOTA      MOTP      MODA      CLR_Re    CLR_Pr    MTR       PTR       MLR       sMOTA     CLR_TP    CLR_FN    CLR_FP    IDSW      MT        PT        ML        Frag
MOT16-02                           82.48     75.691    82.683    88.025    94.278    81.818    18.182    0         61.082    31653     4306      1921      73        9         2         0         221
MOT16-04                           78.49     78.461    78.737    90.847    88.237    81.818    18.182    0         58.922    5896      594       786       16        9         2         0         22
MOT16-05                           84.468    77.526    84.571    97.502    88.29     100       0         0         62.556    47470     1216      6296      50        11        0         0         90
MOT16-07                           88.12     83.742    88.184    99.968    89.456    100       0         0         71.867    40154     13        4733      26        9         0         0         2
COMBINED                           84.745    79.1      84.871    95.332    90.112    90.476    9.5238    0         64.821    125173    6129      13736     165       38        4         0         335

Identity:                          IDF1      IDR       IDP       IDTP      IDFN      IDFP
MOT16-02                           80.908    78.225    83.782    28129     7830      5445
MOT16-04                           80.519    81.71     79.362    5303      1187      1379
MOT16-05                           72.424    76.203    69.003    37100     11586     16666
MOT16-07                           91.302    96.666    86.502    38828     1339      6059
COMBINED                           80.944    83.289    78.728    109360    21942     29549

Count:                             Dets      GT_Dets   IDs       GT_IDs
MOT16-02                           33574     35959     122       11
MOT16-04                           6682      6490      38        11
MOT16-05                           53766     48686     136       11
MOT16-07                           44887     40167     34        9
COMBINED                           138909    131302    330       42